  0.1243	  0.1243	 -0.0941	 -2.6376	  0.0000
  0.2487	  0.1243	 -0.1193	 -2.6713	  0.0000
  0.3730	  0.1243	 -0.1457	 -2.8087	  0.0000
  0.4973	  0.1243	 -0.3213	 -3.0459	  0.0000
  0.6216	  0.1243	 -0.4072	 -3.0997	  0.0000
  0.7460	  0.1243	 -0.2565	 -3.1610	  0.0000
  0.8703	  0.1243	 -0.1520	 -3.1624	  0.0000
  0.9946	  0.1243	 -0.0921	 -3.1525	  0.0000
  1.1189	  0.1243	 -0.1738	 -3.1248	  0.0000
  1.2433	  0.1243	 -0.2095	 -3.0692	  0.0000
  1.3676	  0.1243	 -0.0860	 -2.9880	  0.0000
  1.4919	  0.1243	 -0.0596	 -2.9811	  0.0000
  1.6162	  0.1243	  0.1347	 -3.0082	  0.0000
  1.7406	  0.1243	  0.3233	 -3.1659	  0.0000
  1.8649	  0.1243	  0.4978	 -3.1061	  0.0000
  1.9892	  0.1243	  0.5720	 -2.9955	  0.0000
  2.1136	  0.1243	  0.4706	 -3.0609	  0.0000
  2.2379	  0.1243	  0.4793	 -3.0693	  0.0000
  2.3622	  0.1243	  0.5433	 -3.0461	  0.0000
  2.4865	  0.1243	  0.4984	 -2.9366	  0.0000
  2.6109	  0.1243	  0.2025	 -2.5107	  0.0000
  2.7352	  0.1243	  0.1019	 -2.4674	  0.0000
  2.8595	  0.1243	 -0.0065	 -2.8723	  0.0000
  2.9838	  0.1243	  0.0021	 -3.3049	  0.0000
  3.1082	  0.1243	  0.0292	 -3.2801	  0.0000
  3.2325	  0.1243	  0.1026	 -3.1422	  0.0000
  3.3568	  0.1243	  0.1506	 -3.1554	  0.0000
  3.4811	  0.1243	  0.0031	 -3.1128	  0.0000
  3.6055	  0.1243	 -0.0888	 -3.0300	  0.0000
  3.7298	  0.1243	 -0.0868	 -2.8825	  0.0000
  3.8541	  0.1243	 -0.0666	 -2.8598	  0.0000
  3.9785	  0.1243	  0.0468	 -3.0038	  0.0000
  4.1028	  0.1243	 -0.0490	 -3.0473	  0.0000
  4.2271	  0.1243	 -0.3230	 -2.9155	  0.0000
  4.3514	  0.1243	 -0.1646	 -2.6357	  0.0000
  4.4758	  0.1243	 -0.0741	 -2.6085	  0.0000
  4.6001	  0.1243	 -0.0412	 -2.7505	  0.0000
  4.7244	  0.1243	 -0.0756	 -2.9701	  0.0000
  4.8487	  0.1243	 -0.2626	 -2.9717	  0.0000
  4.9731	  0.1243	 -0.3753	 -2.8631	  0.0000
  5.0974	  0.1243	 -0.7293	 -2.6302	  0.0000
  0.1243	  0.2487	  0.0335	 -2.6040	  0.0000
  0.2487	  0.2487	  0.0054	 -2.7080	  0.0000
  0.3730	  0.2487	 -0.2420	 -2.9447	  0.0000
  0.4973	  0.2487	 -0.2752	 -3.0616	  0.0000
  0.6216	  0.2487	 -0.1392	 -3.1549	  0.0000
  0.7460	  0.2487	 -0.1527	 -3.1623	  0.0000
  0.8703	  0.2487	 -0.0976	 -3.1639	  0.0000
  0.9946	  0.2487	 -0.0581	 -3.1480	  0.0000
  1.1189	  0.2487	 -0.1230	 -3.1862	  0.0000
  1.2433	  0.2487	 -0.1694	 -3.1970	  0.0000
  1.3676	  0.2487	 -0.1472	 -2.9272	  0.0000
  1.4919	  0.2487	  0.1090	 -3.0218	  1.0000
  1.6162	  0.2487	  0.1753	 -3.0134	  1.0000
  1.7406	  0.2487	  0.1436	 -3.0416	  0.0000
  1.8649	  0.2487	  0.1766	 -3.0147	  0.0000
  1.9892	  0.2487	  0.2795	 -3.0679	  1.0000
  2.1136	  0.2487	  0.3099	 -3.0265	  0.0000
  2.2379	  0.2487	  0.3442	 -3.0560	  0.0000
  2.3622	  0.2487	  0.4741	 -3.1325	  0.0000
  2.4865	  0.2487	  0.0983	 -2.6484	  0.0000
  2.6109	  0.2487	 -0.0651	 -2.5213	  0.0000
  2.7352	  0.2487	 -0.2093	 -2.4677	  0.0000
  2.8595	  0.2487	 -0.1890	 -2.6354	  0.0000
  2.9838	  0.2487	 -0.1088	 -3.0490	  0.0000
  3.1082	  0.2487	 -0.1525	 -3.0456	  0.0000
  3.2325	  0.2487	 -0.1000	 -2.9363	  0.0000
  3.3568	  0.2487	 -0.0016	 -3.1015	  0.0000
  3.4811	  0.2487	 -0.1666	 -3.1068	  0.0000
  3.6055	  0.2487	 -0.1766	 -3.0287	  0.0000
  3.7298	  0.2487	 -0.1924	 -2.9073	  0.0000
  3.8541	  0.2487	 -0.2176	 -2.9085	  0.0000
  3.9785	  0.2487	 -0.0946	 -2.9875	  0.0000
  4.1028	  0.2487	 -0.0441	 -3.1153	  0.0000
  4.2271	  0.2487	 -0.0978	 -2.9498	  0.0000
  4.3514	  0.2487	 -0.1549	 -2.5549	  0.0000
  4.4758	  0.2487	 -0.1331	 -2.5634	  0.0000
  4.6001	  0.2487	  0.0406	 -3.1195	  0.0000
  4.7244	  0.2487	  0.1694	 -3.1247	  0.0000
  4.8487	  0.2487	  0.1611	 -3.0802	  0.0000
  4.9731	  0.2487	 -0.6702	 -2.8378	  0.0000
  5.0974	  0.2487	 -0.8377	 -2.5412	  0.0000
  0.1243	  0.3730	 -0.0252	 -2.7089	  0.0000
  0.2487	  0.3730	 -0.0119	 -2.7567	  0.0000
  0.3730	  0.3730	 -0.2409	 -2.8665	  0.0000
  0.4973	  0.3730	 -0.1159	 -3.0067	  0.0000
  0.6216	  0.3730	 -0.0598	 -3.1448	  0.0000
  0.7460	  0.3730	 -0.1349	 -3.1713	  0.0000
  0.8703	  0.3730	 -0.0390	 -3.1051	  0.0000
  0.9946	  0.3730	 -0.0320	 -3.0711	  0.0000
  1.1189	  0.3730	 -0.0037	 -3.1040	  0.0000
  1.2433	  0.3730	  0.1454	 -3.1368	  0.0000
  1.3676	  0.3730	  0.3044	 -3.0470	  0.0000
  1.4919	  0.3730	  0.2372	 -3.0103	  0.0000
  1.6162	  0.3730	  0.1469	 -2.9169	  0.0000
  1.7406	  0.3730	  0.1940	 -3.0154	  0.0000
  1.8649	  0.3730	  0.1827	 -3.0832	  0.0000
  1.9892	  0.3730	  0.0503	 -3.1328	  0.0000
  2.1136	  0.3730	  0.0135	 -3.0885	  0.0000
  2.2379	  0.3730	  0.1894	 -3.0143	  1.0000
  2.3622	  0.3730	  0.1453	 -3.2366	  0.0000
  2.4865	  0.3730	  0.0158	 -2.7212	  0.0000
  2.6109	  0.3730	 -0.1945	 -2.4568	  0.0000
  2.7352	  0.3730	 -0.2755	 -2.4215	  0.0000
  2.8595	  0.3730	 -0.2219	 -2.5854	  0.0000
  2.9838	  0.3730	 -0.0214	 -2.9159	  0.0000
  3.1082	  0.3730	 -0.0981	 -2.9384	  0.0000
  3.2325	  0.3730	 -0.1191	 -2.8641	  0.0000
  3.3568	  0.3730	  0.1110	 -2.8837	  0.0000
  3.4811	  0.3730	  0.2408	 -3.0078	  0.0000
  3.6055	  0.3730	  0.1680	 -3.1382	  0.0000
  3.7298	  0.3730	 -0.0749	 -3.0550	  0.0000
  3.8541	  0.3730	 -0.2116	 -2.9417	  0.0000
  3.9785	  0.3730	 -0.2307	 -2.7692	  0.0000
  4.1028	  0.3730	 -0.1718	 -2.9774	  0.0000
  4.2271	  0.3730	 -0.1061	 -2.8981	  0.0000
  4.3514	  0.3730	 -0.1747	 -2.6224	  0.0000
  4.4758	  0.3730	 -0.2053	 -2.6787	  0.0000
  4.6001	  0.3730	 -0.0295	 -2.8562	  0.0000
  4.7244	  0.3730	  0.1291	 -3.0862	  0.0000
  4.8487	  0.3730	  0.0632	 -3.1811	  0.0000
  4.9731	  0.3730	 -0.5575	 -3.1717	  0.0000
  5.0974	  0.3730	 -0.6357	 -3.0737	  0.0000
  0.1243	  0.4973	 -0.1125	 -2.7016	  0.0000
  0.2487	  0.4973	 -0.1882	 -2.8185	  1.0000
  0.3730	  0.4973	 -0.1011	 -2.8291	  0.0000
  0.4973	  0.4973	 -0.0675	 -3.0612	  0.0000
  0.6216	  0.4973	 -0.0516	 -3.2128	  0.0000
  0.7460	  0.4973	 -0.0305	 -3.2545	  0.0000
  0.8703	  0.4973	  0.0612	 -3.1903	  0.0000
  0.9946	  0.4973	  0.0178	 -3.1415	  0.0000
  1.1189	  0.4973	  0.0312	 -3.1175	  0.0000
  1.2433	  0.4973	  0.0827	 -3.0651	  1.0000
  1.3676	  0.4973	  0.2638	 -3.0158	  0.0000
  1.4919	  0.4973	  0.1838	 -3.0197	  0.0000
  1.6162	  0.4973	  0.1517	 -2.9142	  0.0000
  1.7406	  0.4973	  0.2552	 -2.8814	  0.0000
  1.8649	  0.4973	  0.3194	 -3.0967	  0.0000
  1.9892	  0.4973	  0.3889	 -3.2317	  0.0000
  2.1136	  0.4973	  0.3483	 -3.2205	  0.0000
  2.2379	  0.4973	  0.0509	 -2.9884	  1.0000
  2.3622	  0.4973	 -0.2293	 -3.1370	  0.0000
  2.4865	  0.4973	 -0.1168	 -2.7374	  1.0000
  2.6109	  0.4973	 -0.2421	 -2.5276	  0.0000
  2.7352	  0.4973	 -0.3272	 -2.4693	  0.0000
  2.8595	  0.4973	 -0.4034	 -2.5646	  0.0000
  2.9838	  0.4973	 -0.2069	 -2.6906	  0.0000
  3.1082	  0.4973	 -0.0764	 -2.7258	  0.0000
  3.2325	  0.4973	 -0.0067	 -2.7488	  0.0000
  3.3568	  0.4973	 -0.0450	 -2.8398	  0.0000
  3.4811	  0.4973	  0.0048	 -2.9518	  0.0000
  3.6055	  0.4973	  0.0789	 -3.1840	  0.0000
  3.7298	  0.4973	  0.0143	 -3.1169	  0.0000
  3.8541	  0.4973	 -0.1205	 -3.0060	  0.0000
  3.9785	  0.4973	 -0.1241	 -2.9114	  0.0000
  4.1028	  0.4973	 -0.1806	 -2.9215	  0.0000
  4.2271	  0.4973	 -0.1237	 -2.8199	  0.0000
  4.3514	  0.4973	 -0.1359	 -2.7041	  0.0000
  4.4758	  0.4973	 -0.1469	 -2.6954	  0.0000
  4.6001	  0.4973	 -0.1105	 -2.7352	  0.0000
  4.7244	  0.4973	 -0.1544	 -3.0348	  1.0000
  4.8487	  0.4973	 -0.0788	 -3.5308	  0.0000
  4.9731	  0.4973	 -0.1794	 -3.4277	  0.0000
  5.0974	  0.4973	 -0.2617	 -3.2238	  0.0000
  0.1243	  0.6216	 -0.4296	 -2.5953	  0.0000
  0.2487	  0.6216	 -0.4461	 -2.7266	  0.0000
  0.3730	  0.6216	 -0.3019	 -2.6982	  0.0000
  0.4973	  0.6216	 -0.1787	 -2.9549	  1.0000
  0.6216	  0.6216	 -0.4214	 -3.0799	  0.0000
  0.7460	  0.6216	 -0.1098	 -3.0773	  1.0000
  0.8703	  0.6216	  0.0535	 -3.2499	  0.0000
  0.9946	  0.6216	 -0.0118	 -3.2428	  0.0000
  1.1189	  0.6216	  0.0893	 -3.1248	  0.0000
  1.2433	  0.6216	  0.1103	 -3.0781	  0.0000
  1.3676	  0.6216	  0.1767	 -3.0675	  0.0000
  1.4919	  0.6216	  0.1500	 -3.0268	  0.0000
  1.6162	  0.6216	  0.0954	 -2.9664	  0.0000
  1.7406	  0.6216	  0.2412	 -2.4636	  0.0000
  1.8649	  0.6216	  0.2039	 -2.9280	  1.0000
  1.9892	  0.6216	  0.3866	 -3.2190	  0.0000
  2.1136	  0.6216	  0.0753	 -3.0497	  0.0000
  2.2379	  0.6216	 -0.2900	 -3.0316	  0.0000
  2.3622	  0.6216	 -0.2253	 -2.8834	  0.0000
  2.4865	  0.6216	 -0.1373	 -2.6234	  0.0000
  2.6109	  0.6216	 -0.2172	 -2.5682	  0.0000
  2.7352	  0.6216	 -0.3932	 -2.4609	  0.0000
  2.8595	  0.6216	 -0.4515	 -2.5211	  0.0000
  2.9838	  0.6216	 -0.3427	 -2.6654	  0.0000
  3.1082	  0.6216	 -0.2872	 -2.6280	  0.0000
  3.2325	  0.6216	 -0.1305	 -2.7532	  0.0000
  3.3568	  0.6216	 -0.1635	 -2.7045	  0.0000
  3.4811	  0.6216	 -0.0858	 -2.7322	  0.0000
  3.6055	  0.6216	  0.0496	 -3.0965	  0.0000
  3.7298	  0.6216	  0.0797	 -3.0501	  0.0000
  3.8541	  0.6216	  0.0174	 -2.9993	  0.0000
  3.9785	  0.6216	 -0.0574	 -2.9959	  0.0000
  4.1028	  0.6216	 -0.1749	 -2.8916	  0.0000
  4.2271	  0.6216	 -0.2065	 -2.7542	  0.0000
  4.3514	  0.6216	 -0.2423	 -2.6690	  0.0000
  4.4758	  0.6216	 -0.2760	 -2.5821	  0.0000
  4.6001	  0.6216	 -0.2552	 -2.6484	  0.0000
  4.7244	  0.6216	 -0.1749	 -3.0410	  1.0000
  4.8487	  0.6216	 -0.1753	 -3.5184	  0.0000
  4.9731	  0.6216	 -0.1930	 -3.4500	  0.0000
  5.0974	  0.6216	 -0.1987	 -3.1740	  1.0000
  0.1243	  0.7460	 -0.0833	 -2.6895	  0.0000
  0.2487	  0.7460	 -0.1264	 -2.6332	  0.0000
  0.3730	  0.7460	 -0.3652	 -2.9651	  0.0000
  0.4973	  0.7460	 -0.4894	 -3.0395	  0.0000
  0.6216	  0.7460	 -0.4932	 -3.1447	  0.0000
  0.7460	  0.7460	 -0.3153	 -3.2491	  0.0000
  0.8703	  0.7460	 -0.1428	 -3.1849	  0.0000
  0.9946	  0.7460	 -0.0285	 -3.1318	  0.0000
  1.1189	  0.7460	  0.0425	 -3.0998	  0.0000
  1.2433	  0.7460	  0.0837	 -2.9983	  0.0000
  1.3676	  0.7460	  0.1909	 -2.8301	  0.0000
  1.4919	  0.7460	  0.4220	 -2.8197	  0.0000
  1.6162	  0.7460	  0.5793	 -2.6416	  0.0000
  1.7406	  0.7460	  0.3798	 -2.5442	  0.0000
  1.8649	  0.7460	  0.2238	 -2.5604	  0.0000
  1.9892	  0.7460	  0.0374	 -3.0852	  0.0000
  2.1136	  0.7460	 -0.3587	 -3.0098	  0.0000
  2.2379	  0.7460	 -0.4044	 -2.9565	  0.0000
  2.3622	  0.7460	 -0.0862	 -2.7255	  0.0000
  2.4865	  0.7460	 -0.0892	 -2.6854	  0.0000
  2.6109	  0.7460	 -0.3501	 -2.5362	  0.0000
  2.7352	  0.7460	 -0.3844	 -2.4285	  0.0000
  2.8595	  0.7460	 -0.3247	 -2.5399	  0.0000
  2.9838	  0.7460	 -0.2453	 -2.7001	  0.0000
  3.1082	  0.7460	 -0.2456	 -2.7960	  0.0000
  3.2325	  0.7460	 -0.1341	 -2.8160	  0.0000
  3.3568	  0.7460	 -0.0908	 -2.7894	  0.0000
  3.4811	  0.7460	 -0.1811	 -2.7825	  0.0000
  3.6055	  0.7460	 -0.1926	 -2.8574	  0.0000
  3.7298	  0.7460	 -0.0613	 -2.9678	  0.0000
  3.8541	  0.7460	 -0.0285	 -3.0694	  0.0000
  3.9785	  0.7460	 -0.1239	 -3.1452	  0.0000
  4.1028	  0.7460	 -0.2011	 -3.0947	  0.0000
  4.2271	  0.7460	 -0.3052	 -2.9162	  0.0000
  4.3514	  0.7460	 -0.1559	 -2.5661	  0.0000
  4.4758	  0.7460	 -0.1608	 -2.6376	  0.0000
  4.6001	  0.7460	 -0.2277	 -2.7724	  0.0000
  4.7244	  0.7460	 -0.4216	 -3.0018	  0.0000
  4.8487	  0.7460	 -0.2501	 -3.6228	  0.0000
  4.9731	  0.7460	 -0.0244	 -3.4722	  0.0000
  5.0974	  0.7460	 -0.0209	 -2.1117	  0.0000
  0.1243	  0.8703	  0.0791	 -2.6656	  0.0000
  0.2487	  0.8703	  0.0412	 -2.6726	  0.0000
  0.3730	  0.8703	 -0.0004	 -2.7332	  0.0000
  0.4973	  0.8703	 -0.1067	 -2.9607	  0.0000
  0.6216	  0.8703	 -0.1010	 -2.9053	  1.0000
  0.7460	  0.8703	 -0.0498	 -2.9086	  1.0000
  0.8703	  0.8703	  0.0178	 -2.7050	  0.0000
  0.9946	  0.8703	  0.0857	 -2.7366	  0.0000
  1.1189	  0.8703	  0.1195	 -2.7526	  0.0000
  1.2433	  0.8703	  0.2055	 -2.7007	  0.0000
  1.3676	  0.8703	  0.3092	 -2.7362	  0.0000
  1.4919	  0.8703	  0.4333	 -2.6264	  0.0000
  1.6162	  0.8703	  0.5216	 -2.5565	  0.0000
  1.7406	  0.8703	  0.4684	 -2.6210	  0.0000
  1.8649	  0.8703	  0.1421	 -3.0381	  0.0000
  1.9892	  0.8703	  0.0642	 -2.9443	  1.0000
  2.1136	  0.8703	 -0.0125	 -2.9897	  1.0000
  2.2379	  0.8703	 -0.2341	 -2.9085	  0.0000
  2.3622	  0.8703	 -0.0722	 -2.8479	  0.0000
  2.4865	  0.8703	 -0.0298	 -2.8388	  0.0000
  2.6109	  0.8703	 -0.0099	 -2.7481	  0.0000
  2.7352	  0.8703	 -0.0038	 -2.4981	  0.0000
  2.8595	  0.8703	  0.0004	 -2.6169	  0.0000
  2.9838	  0.8703	 -0.1182	 -2.5580	  0.0000
  3.1082	  0.8703	 -0.2636	 -2.6034	  0.0000
  3.2325	  0.8703	 -0.1737	 -2.7913	  0.0000
  3.3568	  0.8703	 -0.2377	 -2.8971	  0.0000
  3.4811	  0.8703	 -0.2884	 -2.9478	  0.0000
  3.6055	  0.8703	 -0.2184	 -2.9253	  0.0000
  3.7298	  0.8703	 -0.1825	 -2.9792	  0.0000
  3.8541	  0.8703	 -0.1699	 -3.0742	  0.0000
  3.9785	  0.8703	 -0.1780	 -3.2022	  0.0000
  4.1028	  0.8703	 -0.2163	 -3.1744	  0.0000
  4.2271	  0.8703	  0.0309	 -2.6690	  0.0000
  4.3514	  0.8703	  0.1524	 -2.6143	  0.0000
  4.4758	  0.8703	  0.0323	 -2.6458	  0.0000
  4.6001	  0.8703	 -0.1903	 -2.8336	  0.0000
  4.7244	  0.8703	 -0.3593	 -3.0785	  0.0000
  4.8487	  0.8703	 -0.3019	 -3.2226	  0.0000
  4.9731	  0.8703	 -0.1233	 -3.0995	  0.0000
  5.0974	  0.8703	 -0.0432	 -2.3298	  0.0000
  0.1243	  0.9946	  0.0757	 -2.5860	  0.0000
  0.2487	  0.9946	  0.1243	 -2.7163	  0.0000
  0.3730	  0.9946	  0.0014	 -2.9291	  0.0000
  0.4973	  0.9946	 -0.0699	 -2.8769	  1.0000
  0.6216	  0.9946	  0.0188	 -2.7850	  0.0000
  0.7460	  0.9946	 -0.0665	 -2.8310	  0.0000
  0.8703	  0.9946	  0.0776	 -2.6472	  0.0000
  0.9946	  0.9946	  0.1519	 -2.6382	  0.0000
  1.1189	  0.9946	  0.2350	 -2.6600	  0.0000
  1.2433	  0.9946	  0.3319	 -2.6905	  0.0000
  1.3676	  0.9946	  0.3612	 -2.6172	  0.0000
  1.4919	  0.9946	  0.1907	 -2.5318	  0.0000
  1.6162	  0.9946	  0.3336	 -2.5813	  0.0000
  1.7406	  0.9946	  0.3255	 -2.6106	  0.0000
  1.8649	  0.9946	  0.0839	 -2.9905	  0.0000
  1.9892	  0.9946	  0.0289	 -3.2291	  0.0000
  2.1136	  0.9946	  0.0575	 -3.0977	  0.0000
  2.2379	  0.9946	  0.0848	 -2.8917	  0.0000
  2.3622	  0.9946	  0.0580	 -2.8928	  0.0000
  2.4865	  0.9946	 -0.0264	 -2.9037	  0.0000
  2.6109	  0.9946	 -0.1924	 -2.6886	  0.0000
  2.7352	  0.9946	 -0.2154	 -2.5894	  0.0000
  2.8595	  0.9946	 -0.1456	 -2.5698	  0.0000
  2.9838	  0.9946	 -0.2029	 -2.4999	  0.0000
  3.1082	  0.9946	 -0.2589	 -2.4746	  0.0000
  3.2325	  0.9946	 -0.3443	 -2.8865	  0.0000
  3.3568	  0.9946	 -0.4108	 -2.8729	  0.0000
  3.4811	  0.9946	 -0.4023	 -2.8167	  0.0000
  3.6055	  0.9946	 -0.1924	 -2.9406	  0.0000
  3.7298	  0.9946	 -0.5523	 -2.9475	  0.0000
  3.8541	  0.9946	 -0.3926	 -3.0051	  0.0000
  3.9785	  0.9946	 -0.2668	 -3.0023	  0.0000
  4.1028	  0.9946	 -0.0399	 -2.8632	  0.0000
  4.2271	  0.9946	  0.1837	 -2.6492	  0.0000
  4.3514	  0.9946	  0.1407	 -2.7221	  0.0000
  4.4758	  0.9946	  0.0136	 -2.7674	  0.0000
  4.6001	  0.9946	 -0.1395	 -2.9372	  0.0000
  4.7244	  0.9946	 -0.1421	 -3.1317	  0.0000
  4.8487	  0.9946	 -0.0063	 -2.9922	  0.0000
  4.9731	  0.9946	 -0.1477	 -2.8604	  1.0000
  5.0974	  0.9946	 -0.0172	 -2.3751	  0.0000
  0.1243	  1.1189	  0.0872	 -2.5261	  0.0000
  0.2487	  1.1189	  0.0920	 -2.7753	  0.0000
  0.3730	  1.1189	 -0.0142	 -2.9146	  0.0000
  0.4973	  1.1189	  0.0659	 -2.6670	  0.0000
  0.6216	  1.1189	  0.1241	 -2.6567	  0.0000
  0.7460	  1.1189	  0.0761	 -2.8466	  1.0000
  0.8703	  1.1189	  0.2650	 -2.6233	  0.0000
  0.9946	  1.1189	  0.4042	 -2.5723	  0.0000
  1.1189	  1.1189	  0.4909	 -2.6139	  0.0000
  1.2433	  1.1189	  0.4002	 -2.6885	  0.0000
  1.3676	  1.1189	  0.3675	 -2.6717	  0.0000
  1.4919	  1.1189	  0.1146	 -2.5535	  0.0000
  1.6162	  1.1189	  0.1785	 -2.5555	  0.0000
  1.7406	  1.1189	  0.1629	 -2.9161	  0.0000
  1.8649	  1.1189	  0.0616	 -3.2220	  0.0000
  1.9892	  1.1189	 -0.0727	 -3.3071	  0.0000
  2.1136	  1.1189	 -0.0379	 -3.0924	  0.0000
  2.2379	  1.1189	 -0.0124	 -2.9019	  0.0000
  2.3622	  1.1189	 -0.0151	 -2.9387	  0.0000
  2.4865	  1.1189	 -0.0620	 -2.9431	  0.0000
  2.6109	  1.1189	 -0.2793	 -2.6790	  0.0000
  2.7352	  1.1189	 -0.2417	 -2.5285	  0.0000
  2.8595	  1.1189	 -0.2206	 -2.5417	  0.0000
  2.9838	  1.1189	 -0.3029	 -2.6145	  0.0000
  3.1082	  1.1189	 -0.2308	 -2.4380	  0.0000
  3.2325	  1.1189	 -0.2248	 -2.5444	  0.0000
  3.3568	  1.1189	 -0.3611	 -2.7460	  0.0000
  3.4811	  1.1189	 -0.4177	 -2.7687	  0.0000
  3.6055	  1.1189	 -0.4857	 -2.9842	  0.0000
  3.7298	  1.1189	 -0.5042	 -2.9871	  0.0000
  3.8541	  1.1189	 -0.3732	 -2.9691	  0.0000
  3.9785	  1.1189	 -0.2267	 -2.7701	  0.0000
  4.1028	  1.1189	  0.0976	 -2.5540	  0.0000
  4.2271	  1.1189	  0.0479	 -2.6234	  0.0000
  4.3514	  1.1189	 -0.0850	 -2.7558	  0.0000
  4.4758	  1.1189	 -0.1214	 -2.8156	  0.0000
  4.6001	  1.1189	 -0.2719	 -2.8863	  0.0000
  4.7244	  1.1189	 -0.2173	 -2.9581	  0.0000
  4.8487	  1.1189	 -0.1219	 -2.8438	  0.0000
  4.9731	  1.1189	 -0.1307	 -2.8202	  0.0000
  5.0974	  1.1189	 -0.0982	 -2.3330	  0.0000
  0.1243	  1.2433	 -0.0956	 -2.3775	  0.0000
  0.2487	  1.2433	 -0.0710	 -2.7901	  0.0000
  0.3730	  1.2433	 -0.0161	 -2.9279	  0.0000
  0.4973	  1.2433	 -0.0631	 -3.0212	  0.0000
  0.6216	  1.2433	 -0.0567	 -3.0076	  0.0000
  0.7460	  1.2433	  0.1131	 -2.9667	  0.0000
  0.8703	  1.2433	  0.3794	 -2.9465	  0.0000
  0.9946	  1.2433	  0.4577	 -2.7154	  0.0000
  1.1189	  1.2433	  0.4169	 -2.7864	  0.0000
  1.2433	  1.2433	  0.3300	 -2.8383	  0.0000
  1.3676	  1.2433	  0.2885	 -2.8656	  0.0000
  1.4919	  1.2433	  0.1103	 -2.8290	  1.0000
  1.6162	  1.2433	  0.0433	 -2.9244	  1.0000
  1.7406	  1.2433	 -0.0701	 -3.1102	  0.0000
  1.8649	  1.2433	  0.0479	 -3.4128	  0.0000
  1.9892	  1.2433	 -0.0902	 -3.3566	  0.0000
  2.1136	  1.2433	  0.0023	 -3.2458	  0.0000
  2.2379	  1.2433	 -0.1095	 -3.2357	  0.0000
  2.3622	  1.2433	 -0.1423	 -3.0823	  0.0000
  2.4865	  1.2433	 -0.1600	 -3.0508	  0.0000
  2.6109	  1.2433	 -0.0618	 -2.7429	  1.0000
  2.7352	  1.2433	 -0.1539	 -2.5171	  0.0000
  2.8595	  1.2433	 -0.0894	 -2.5137	  0.0000
  2.9838	  1.2433	 -0.0198	 -2.5085	  0.0000
  3.1082	  1.2433	 -0.1503	 -2.2946	  0.0000
  3.2325	  1.2433	 -0.1160	 -2.3319	  0.0000
  3.3568	  1.2433	 -0.1968	 -2.8263	  0.0000
  3.4811	  1.2433	 -0.2327	 -2.8688	  0.0000
  3.6055	  1.2433	 -0.3546	 -2.9057	  0.0000
  3.7298	  1.2433	 -0.3437	 -2.9465	  0.0000
  3.8541	  1.2433	 -0.2049	 -2.9634	  0.0000
  3.9785	  1.2433	 -0.3621	 -2.6227	  0.0000
  4.1028	  1.2433	 -0.4471	 -2.6368	  0.0000
  4.2271	  1.2433	 -0.5624	 -2.9057	  0.0000
  4.3514	  1.2433	 -0.4976	 -2.9828	  0.0000
  4.4758	  1.2433	 -0.4700	 -2.8905	  0.0000
  4.6001	  1.2433	 -0.2274	 -2.7985	  0.0000
  4.7244	  1.2433	 -0.2084	 -2.7876	  0.0000
  4.8487	  1.2433	 -0.1541	 -2.9126	  0.0000
  4.9731	  1.2433	 -0.1840	 -2.8225	  0.0000
  5.0974	  1.2433	  0.0188	 -2.4308	  0.0000
  0.1243	  1.3676	 -0.1876	 -2.2955	  0.0000
  0.2487	  1.3676	  0.1234	 -2.8854	  0.0000
  0.3730	  1.3676	  0.0831	 -3.0097	  0.0000
  0.4973	  1.3676	  0.0145	 -2.9814	  0.0000
  0.6216	  1.3676	  0.0100	 -3.0709	  0.0000
  0.7460	  1.3676	  0.0368	 -3.0861	  0.0000
  0.8703	  1.3676	  0.0867	 -3.0040	  0.0000
  0.9946	  1.3676	  0.0296	 -3.0057	  0.0000
  1.1189	  1.3676	  0.1088	 -2.9399	  0.0000
  1.2433	  1.3676	  0.3228	 -2.7602	  0.0000
  1.3676	  1.3676	  0.1739	 -2.9428	  0.0000
  1.4919	  1.3676	  0.0539	 -2.9660	  0.0000
  1.6162	  1.3676	 -0.1488	 -2.9869	  0.0000
  1.7406	  1.3676	 -0.4378	 -3.2637	  0.0000
  1.8649	  1.3676	 -0.1269	 -3.1049	  1.0000
  1.9892	  1.3676	  0.0049	 -3.1709	  0.0000
  2.1136	  1.3676	  0.0157	 -3.1670	  0.0000
  2.2379	  1.3676	 -0.0328	 -3.2537	  0.0000
  2.3622	  1.3676	 -0.0539	 -3.1547	  0.0000
  2.4865	  1.3676	 -0.0917	 -2.9505	  0.0000
  2.6109	  1.3676	 -0.0078	 -2.7477	  1.0000
  2.7352	  1.3676	  0.1359	 -2.5191	  0.0000
  2.8595	  1.3676	 -0.0236	 -2.4557	  0.0000
  2.9838	  1.3676	  0.0272	 -2.4473	  0.0000
  3.1082	  1.3676	 -0.1072	 -2.3843	  0.0000
  3.2325	  1.3676	 -0.2511	 -2.3724	  0.0000
  3.3568	  1.3676	 -0.2393	 -2.5915	  0.0000
  3.4811	  1.3676	  0.0782	 -2.7926	  0.0000
  3.6055	  1.3676	 -0.0281	 -2.8287	  0.0000
  3.7298	  1.3676	 -0.1158	 -2.8971	  0.0000
  3.8541	  1.3676	 -0.3820	 -2.5735	  0.0000
  3.9785	  1.3676	 -0.4294	 -2.6694	  0.0000
  4.1028	  1.3676	 -0.4995	 -2.9365	  0.0000
  4.2271	  1.3676	 -0.3699	 -2.9048	  0.0000
  4.3514	  1.3676	 -0.3352	 -2.9138	  0.0000
  4.4758	  1.3676	 -0.1571	 -2.7478	  1.0000
  4.6001	  1.3676	 -0.1441	 -2.5700	  0.0000
  4.7244	  1.3676	 -0.1448	 -2.5399	  0.0000
  4.8487	  1.3676	 -0.1242	 -2.6038	  0.0000
  4.9731	  1.3676	 -0.2160	 -2.7302	  0.0000
  5.0974	  1.3676	 -0.1419	 -2.5712	  0.0000
  0.1243	  1.4919	 -0.1101	 -2.7228	  1.0000
  0.2487	  1.4919	  0.0607	 -3.0415	  0.0000
  0.3730	  1.4919	  0.0853	 -3.0315	  0.0000
  0.4973	  1.4919	  0.1612	 -3.0193	  0.0000
  0.6216	  1.4919	  0.0941	 -3.0776	  0.0000
  0.7460	  1.4919	  0.0477	 -3.0265	  0.0000
  0.8703	  1.4919	  0.0769	 -2.8879	  1.0000
  0.9946	  1.4919	 -0.0074	 -2.9500	  0.0000
  1.1189	  1.4919	 -0.0898	 -2.9037	  0.0000
  1.2433	  1.4919	 -0.0826	 -2.6057	  0.0000
  1.3676	  1.4919	  0.2072	 -2.9191	  0.0000
  1.4919	  1.4919	 -0.0015	 -2.9883	  0.0000
  1.6162	  1.4919	 -0.3182	 -3.1040	  0.0000
  1.7406	  1.4919	 -0.4796	 -3.2047	  0.0000
  1.8649	  1.4919	 -0.4394	 -3.2387	  0.0000
  1.9892	  1.4919	 -0.1155	 -3.1006	  0.0000
  2.1136	  1.4919	 -0.0701	 -3.0951	  0.0000
  2.2379	  1.4919	  0.0098	 -3.1369	  0.0000
  2.3622	  1.4919	  0.0762	 -3.0643	  0.0000
  2.4865	  1.4919	  0.1425	 -2.8884	  0.0000
  2.6109	  1.4919	  0.0451	 -2.7532	  1.0000
  2.7352	  1.4919	  0.1440	 -2.4761	  0.0000
  2.8595	  1.4919	  0.0353	 -2.3811	  0.0000
  2.9838	  1.4919	 -0.1391	 -2.4450	  0.0000
  3.1082	  1.4919	 -0.3177	 -2.4422	  0.0000
  3.2325	  1.4919	 -0.4279	 -2.4473	  0.0000
  3.3568	  1.4919	 -0.4613	 -2.4726	  0.0000
  3.4811	  1.4919	 -0.0069	 -2.5994	  0.0000
  3.6055	  1.4919	  0.0145	 -2.7061	  0.0000
  3.7298	  1.4919	 -0.1243	 -2.8242	  0.0000
  3.8541	  1.4919	 -0.2706	 -2.7088	  1.0000
  3.9785	  1.4919	 -0.2675	 -2.7404	  1.0000
  4.1028	  1.4919	 -0.1798	 -2.9040	  0.0000
  4.2271	  1.4919	 -0.1702	 -2.8419	  0.0000
  4.3514	  1.4919	 -0.0856	 -2.7759	  0.0000
  4.4758	  1.4919	 -0.0145	 -2.6170	  0.0000
  4.6001	  1.4919	 -0.0320	 -2.5070	  0.0000
  4.7244	  1.4919	 -0.0911	 -2.5311	  0.0000
  4.8487	  1.4919	 -0.1417	 -2.6458	  0.0000
  4.9731	  1.4919	 -0.2286	 -2.7305	  0.0000
  5.0974	  1.4919	 -0.0910	 -2.6343	  0.0000
  0.1243	  1.6162	 -0.1789	 -2.7135	  1.0000
  0.2487	  1.6162	 -0.5017	 -2.4700	  0.0000
  0.3730	  1.6162	 -0.1194	 -2.5135	  0.0000
  0.4973	  1.6162	 -0.0765	 -3.0781	  0.0000
  0.6216	  1.6162	 -0.0007	 -3.0585	  0.0000
  0.7460	  1.6162	  0.0200	 -2.9407	  0.0000
  0.8703	  1.6162	  0.0231	 -2.7216	  0.0000
  0.9946	  1.6162	  0.0528	 -2.7355	  0.0000
  1.1189	  1.6162	 -0.0006	 -2.7122	  0.0000
  1.2433	  1.6162	 -0.0087	 -2.6685	  0.0000
  1.3676	  1.6162	  0.0359	 -2.6537	  0.0000
  1.4919	  1.6162	 -0.0411	 -2.7079	  0.0000
  1.6162	  1.6162	 -0.1662	 -3.1268	  0.0000
  1.7406	  1.6162	 -0.3237	 -2.9710	  0.0000
  1.8649	  1.6162	 -0.3560	 -2.9734	  0.0000
  1.9892	  1.6162	 -0.2335	 -3.0245	  0.0000
  2.1136	  1.6162	 -0.2034	 -2.9466	  0.0000
  2.2379	  1.6162	 -0.0447	 -2.9638	  0.0000
  2.3622	  1.6162	  0.1184	 -3.0324	  0.0000
  2.4865	  1.6162	  0.1491	 -2.9541	  0.0000
  2.6109	  1.6162	  0.2751	 -2.7962	  0.0000
  2.7352	  1.6162	  0.1952	 -2.5643	  0.0000
  2.8595	  1.6162	  0.0924	 -2.4178	  0.0000
  2.9838	  1.6162	 -0.1976	 -2.4962	  0.0000
  3.1082	  1.6162	 -0.3311	 -2.5138	  0.0000
  3.2325	  1.6162	 -0.3674	 -2.5084	  0.0000
  3.3568	  1.6162	 -0.5011	 -2.4464	  0.0000
  3.4811	  1.6162	 -0.4920	 -2.4836	  0.0000
  3.6055	  1.6162	 -0.4832	 -2.5809	  0.0000
  3.7298	  1.6162	 -0.3698	 -2.6821	  0.0000
  3.8541	  1.6162	 -0.2380	 -2.7408	  0.0000
  3.9785	  1.6162	 -0.0307	 -2.6820	  0.0000
  4.1028	  1.6162	  0.0216	 -2.7668	  0.0000
  4.2271	  1.6162	  0.1384	 -2.8759	  0.0000
  4.3514	  1.6162	  0.1006	 -2.7609	  0.0000
  4.4758	  1.6162	  0.0400	 -2.6461	  0.0000
  4.6001	  1.6162	 -0.0068	 -2.5108	  0.0000
  4.7244	  1.6162	 -0.0410	 -2.5490	  0.0000
  4.8487	  1.6162	 -0.0123	 -2.6357	  0.0000
  4.9731	  1.6162	  0.0502	 -2.6301	  0.0000
  5.0974	  1.6162	  0.2881	 -2.5538	  0.0000
  0.1243	  1.7406	 -0.2736	 -2.6625	  1.0000
  0.2487	  1.7406	 -0.2409	 -2.7308	  1.0000
  0.3730	  1.7406	 -0.2108	 -2.6701	  0.0000
  0.4973	  1.7406	 -0.2364	 -3.1188	  0.0000
  0.6216	  1.7406	 -0.2547	 -3.0398	  0.0000
  0.7460	  1.7406	  0.2387	 -2.6950	  0.0000
  0.8703	  1.7406	  0.1030	 -2.6941	  0.0000
  0.9946	  1.7406	  0.0172	 -2.6464	  0.0000
  1.1189	  1.7406	  0.0188	 -2.5780	  0.0000
  1.2433	  1.7406	  0.0023	 -2.7574	  0.0000
  1.3676	  1.7406	 -0.2120	 -2.8507	  0.0000
  1.4919	  1.7406	 -0.2337	 -3.0332	  0.0000
  1.6162	  1.7406	 -0.0478	 -3.2169	  0.0000
  1.7406	  1.7406	 -0.1064	 -2.9746	  1.0000
  1.8649	  1.7406	  0.0304	 -2.7294	  0.0000
  1.9892	  1.7406	  0.0462	 -2.6514	  0.0000
  2.1136	  1.7406	 -0.1057	 -2.8561	  0.0000
  2.2379	  1.7406	 -0.0693	 -3.0265	  0.0000
  2.3622	  1.7406	  0.0813	 -3.0351	  0.0000
  2.4865	  1.7406	  0.1485	 -2.9470	  0.0000
  2.6109	  1.7406	  0.0859	 -2.7696	  1.0000
  2.7352	  1.7406	  0.1811	 -2.5565	  0.0000
  2.8595	  1.7406	  0.0050	 -2.4607	  0.0000
  2.9838	  1.7406	 -0.3814	 -2.5490	  0.0000
  3.1082	  1.7406	 -0.3756	 -2.4994	  0.0000
  3.2325	  1.7406	 -0.3593	 -2.4725	  0.0000
  3.3568	  1.7406	 -0.4089	 -2.4191	  0.0000
  3.4811	  1.7406	 -0.3943	 -2.3977	  0.0000
  3.6055	  1.7406	 -0.4454	 -2.4194	  0.0000
  3.7298	  1.7406	 -0.3903	 -2.3868	  0.0000
  3.8541	  1.7406	 -0.2422	 -2.4445	  0.0000
  3.9785	  1.7406	 -0.2818	 -2.5855	  0.0000
  4.1028	  1.7406	 -0.3106	 -2.5675	  0.0000
  4.2271	  1.7406	 -0.2539	 -2.7015	  0.0000
  4.3514	  1.7406	  0.0109	 -2.7167	  0.0000
  4.4758	  1.7406	  0.0201	 -2.6216	  0.0000
  4.6001	  1.7406	  0.0143	 -2.5227	  0.0000
  4.7244	  1.7406	  0.0525	 -2.5286	  0.0000
  4.8487	  1.7406	  0.0750	 -2.5896	  0.0000
  4.9731	  1.7406	  0.0896	 -2.5947	  0.0000
  5.0974	  1.7406	  0.2393	 -2.4558	  0.0000
  0.1243	  1.8649	 -0.5924	 -2.4406	  0.0000
  0.2487	  1.8649	 -0.3236	 -2.5867	  0.0000
  0.3730	  1.8649	 -0.2976	 -2.9285	  0.0000
  0.4973	  1.8649	 -0.1987	 -2.8285	  0.0000
  0.6216	  1.8649	 -0.0298	 -2.7122	  0.0000
  0.7460	  1.8649	  0.1410	 -2.6896	  0.0000
  0.8703	  1.8649	  0.2006	 -2.6511	  0.0000
  0.9946	  1.8649	  0.1622	 -2.6080	  0.0000
  1.1189	  1.8649	  0.1012	 -2.7261	  0.0000
  1.2433	  1.8649	  0.0372	 -2.8404	  0.0000
  1.3676	  1.8649	 -0.1640	 -2.9856	  0.0000
  1.4919	  1.8649	 -0.1361	 -3.1159	  0.0000
  1.6162	  1.8649	  0.0182	 -3.1517	  0.0000
  1.7406	  1.8649	  0.0374	 -3.0983	  0.0000
  1.8649	  1.8649	  0.0259	 -2.7350	  0.0000
  1.9892	  1.8649	  0.1008	 -2.6150	  0.0000
  2.1136	  1.8649	  0.1342	 -2.7496	  0.0000
  2.2379	  1.8649	  0.1154	 -2.8862	  0.0000
  2.3622	  1.8649	  0.1625	 -2.9540	  0.0000
  2.4865	  1.8649	  0.2000	 -2.9830	  0.0000
  2.6109	  1.8649	  0.2578	 -2.7035	  0.0000
  2.7352	  1.8649	  0.1158	 -2.6799	  0.0000
  2.8595	  1.8649	 -0.3142	 -2.6727	  0.0000
  2.9838	  1.8649	 -0.4583	 -2.6375	  0.0000
  3.1082	  1.8649	 -0.4664	 -2.5798	  0.0000
  3.2325	  1.8649	 -0.4312	 -2.4585	  0.0000
  3.3568	  1.8649	 -0.4135	 -2.3564	  0.0000
  3.4811	  1.8649	 -0.4242	 -2.3465	  0.0000
  3.6055	  1.8649	 -0.3754	 -2.3339	  0.0000
  3.7298	  1.8649	 -0.3561	 -2.2920	  0.0000
  3.8541	  1.8649	 -0.3929	 -2.3225	  0.0000
  3.9785	  1.8649	 -0.2962	 -2.5330	  0.0000
  4.1028	  1.8649	 -0.2907	 -2.5138	  0.0000
  4.2271	  1.8649	 -0.2472	 -2.5494	  0.0000
  4.3514	  1.8649	 -0.1251	 -2.6494	  0.0000
  4.4758	  1.8649	 -0.0340	 -2.6356	  0.0000
  4.6001	  1.8649	  0.0351	 -2.5444	  0.0000
  4.7244	  1.8649	  0.0432	 -2.5202	  0.0000
  4.8487	  1.8649	  0.0509	 -2.4928	  0.0000
  4.9731	  1.8649	 -0.0146	 -2.4899	  0.0000
  5.0974	  1.8649	  0.0060	 -2.4535	  0.0000
  0.1243	  1.9892	 -0.5765	 -2.3563	  0.0000
  0.2487	  1.9892	 -0.4694	 -2.4380	  0.0000
  0.3730	  1.9892	 -0.3557	 -2.6319	  0.0000
  0.4973	  1.9892	 -0.3642	 -2.6338	  0.0000
  0.6216	  1.9892	 -0.4772	 -2.6809	  0.0000
  0.7460	  1.9892	 -0.3521	 -2.6917	  0.0000
  0.8703	  1.9892	 -0.0040	 -2.6728	  0.0000
  0.9946	  1.9892	  0.0303	 -2.7157	  0.0000
  1.1189	  1.9892	 -0.0255	 -2.7747	  0.0000
  1.2433	  1.9892	 -0.0445	 -2.8050	  0.0000
  1.3676	  1.9892	 -0.1245	 -2.9553	  1.0000
  1.4919	  1.9892	 -0.1096	 -2.9936	  1.0000
  1.6162	  1.9892	  0.1026	 -3.0389	  0.0000
  1.7406	  1.9892	  0.0795	 -2.9549	  0.0000
  1.8649	  1.9892	 -0.0466	 -2.8298	  0.0000
  1.9892	  1.9892	  0.0533	 -2.7857	  0.0000
  2.1136	  1.9892	  0.1874	 -2.8928	  0.0000
  2.2379	  1.9892	  0.1531	 -3.0399	  0.0000
  2.3622	  1.9892	  0.0028	 -2.9784	  0.0000
  2.4865	  1.9892	  0.0572	 -2.8587	  1.0000
  2.6109	  1.9892	  0.1332	 -2.8675	  0.0000
  2.7352	  1.9892	 -0.0153	 -2.7659	  0.0000
  2.8595	  1.9892	 -0.2284	 -2.6786	  0.0000
  2.9838	  1.9892	 -0.4603	 -2.6217	  0.0000
  3.1082	  1.9892	 -0.4706	 -2.4704	  0.0000
  3.2325	  1.9892	 -0.3823	 -2.4208	  0.0000
  3.3568	  1.9892	 -0.3886	 -2.3696	  0.0000
  3.4811	  1.9892	 -0.4394	 -2.4067	  0.0000
  3.6055	  1.9892	 -0.3939	 -2.4394	  0.0000
  3.7298	  1.9892	 -0.3151	 -2.3925	  0.0000
  3.8541	  1.9892	 -0.3747	 -2.4698	  0.0000
  3.9785	  1.9892	 -0.3255	 -2.4812	  0.0000
  4.1028	  1.9892	 -0.2583	 -2.4594	  0.0000
  4.2271	  1.9892	 -0.1167	 -2.4856	  0.0000
  4.3514	  1.9892	 -0.0672	 -2.5688	  0.0000
  4.4758	  1.9892	 -0.0292	 -2.6132	  0.0000
  4.6001	  1.9892	  0.0299	 -2.5712	  0.0000
  4.7244	  1.9892	 -0.0004	 -2.5971	  0.0000
  4.8487	  1.9892	 -0.0189	 -2.5031	  0.0000
  4.9731	  1.9892	 -0.0395	 -2.5183	  0.0000
  5.0974	  1.9892	 -0.0487	 -2.5118	  0.0000
  0.1243	  2.1136	 -0.5025	 -2.3521	  0.0000
  0.2487	  2.1136	 -0.2653	 -2.3832	  0.0000
  0.3730	  2.1136	 -0.1615	 -2.5047	  0.0000
  0.4973	  2.1136	 -0.1930	 -2.6193	  1.0000
  0.6216	  2.1136	 -0.5568	 -2.7006	  0.0000
  0.7460	  2.1136	 -0.4266	 -2.6147	  0.0000
  0.8703	  2.1136	 -0.3540	 -2.4854	  0.0000
  0.9946	  2.1136	 -0.3727	 -2.6553	  0.0000
  1.1189	  2.1136	 -0.3403	 -2.8880	  0.0000
  1.2433	  2.1136	 -0.3567	 -3.0797	  0.0000
  1.3676	  2.1136	 -0.3198	 -3.1830	  0.0000
  1.4919	  2.1136	 -0.0467	 -3.0050	  0.0000
  1.6162	  2.1136	 -0.0758	 -2.9342	  0.0000
  1.7406	  2.1136	 -0.0603	 -2.8913	  0.0000
  1.8649	  2.1136	 -0.1127	 -2.7908	  0.0000
  1.9892	  2.1136	 -0.0464	 -2.7294	  0.0000
  2.1136	  2.1136	  0.0580	 -2.7495	  0.0000
  2.2379	  2.1136	  0.1165	 -3.0664	  0.0000
  2.3622	  2.1136	 -0.0208	 -2.9331	  0.0000
  2.4865	  2.1136	 -0.0787	 -2.8364	  0.0000
  2.6109	  2.1136	 -0.0840	 -2.8387	  0.0000
  2.7352	  2.1136	 -0.0768	 -2.6644	  0.0000
  2.8595	  2.1136	 -0.0780	 -2.5782	  0.0000
  2.9838	  2.1136	 -0.0403	 -2.4463	  0.0000
  3.1082	  2.1136	 -0.2179	 -2.3542	  0.0000
  3.2325	  2.1136	 -0.2661	 -2.4901	  0.0000
  3.3568	  2.1136	 -0.2945	 -2.6606	  0.0000
  3.4811	  2.1136	 -0.3513	 -2.6490	  0.0000
  3.6055	  2.1136	 -0.3995	 -2.5320	  0.0000
  3.7298	  2.1136	 -0.3694	 -2.4790	  0.0000
  3.8541	  2.1136	 -0.4010	 -2.5061	  0.0000
  3.9785	  2.1136	 -0.3891	 -2.5000	  0.0000
  4.1028	  2.1136	 -0.3920	 -2.4628	  0.0000
  4.2271	  2.1136	 -0.0873	 -2.5269	  0.0000
  4.3514	  2.1136	 -0.0382	 -2.5137	  0.0000
  4.4758	  2.1136	 -0.0047	 -2.5410	  0.0000
  4.6001	  2.1136	  0.0559	 -2.6003	  0.0000
  4.7244	  2.1136	  0.0929	 -2.6063	  0.0000
  4.8487	  2.1136	  0.0393	 -2.4884	  0.0000
  4.9731	  2.1136	 -0.0114	 -2.4769	  0.0000
  5.0974	  2.1136	 -0.0809	 -2.4211	  0.0000
  0.1243	  2.2379	  0.4501	 -1.7625	  0.0000
  0.2487	  2.2379	 -0.0494	 -2.4426	  0.0000
  0.3730	  2.2379	 -0.0402	 -2.5025	  0.0000
  0.4973	  2.2379	 -0.1071	 -2.5290	  0.0000
  0.6216	  2.2379	 -0.3110	 -2.7097	  0.0000
  0.7460	  2.2379	 -0.3413	 -2.6293	  0.0000
  0.8703	  2.2379	 -0.3535	 -2.5827	  0.0000
  0.9946	  2.2379	 -0.3690	 -2.7107	  0.0000
  1.1189	  2.2379	 -0.3732	 -2.8934	  0.0000
  1.2433	  2.2379	 -0.2624	 -3.2176	  0.0000
  1.3676	  2.2379	 -0.1850	 -3.2009	  0.0000
  1.4919	  2.2379	 -0.1089	 -2.8795	  1.0000
  1.6162	  2.2379	 -0.2255	 -2.7785	  0.0000
  1.7406	  2.2379	 -0.1968	 -2.8974	  0.0000
  1.8649	  2.2379	 -0.1492	 -2.7995	  0.0000
  1.9892	  2.2379	 -0.1176	 -2.5495	  0.0000
  2.1136	  2.2379	 -0.1041	 -2.6672	  0.0000
  2.2379	  2.2379	  0.0862	 -2.7881	  0.0000
  2.3622	  2.2379	  0.0969	 -2.8292	  0.0000
  2.4865	  2.2379	 -0.0881	 -2.8687	  0.0000
  2.6109	  2.2379	  0.0185	 -2.8832	  0.0000
  2.7352	  2.2379	 -0.1490	 -2.7078	  0.0000
  2.8595	  2.2379	 -0.0942	 -2.4133	  0.0000
  2.9838	  2.2379	 -0.0183	 -2.3446	  0.0000
  3.1082	  2.2379	 -0.0518	 -2.4200	  0.0000
  3.2325	  2.2379	 -0.1472	 -2.5692	  0.0000
  3.3568	  2.2379	 -0.2462	 -2.6804	  0.0000
  3.4811	  2.2379	 -0.3929	 -2.7912	  0.0000
  3.6055	  2.2379	 -0.4162	 -2.7213	  0.0000
  3.7298	  2.2379	 -0.3644	 -2.6090	  0.0000
  3.8541	  2.2379	 -0.4167	 -2.6119	  0.0000
  3.9785	  2.2379	 -0.4706	 -2.6972	  0.0000
  4.1028	  2.2379	 -0.4758	 -2.6115	  0.0000
  4.2271	  2.2379	 -0.3603	 -2.5368	  0.0000
  4.3514	  2.2379	 -0.1718	 -2.4861	  0.0000
  4.4758	  2.2379	 -0.1040	 -2.5100	  0.0000
  4.6001	  2.2379	 -0.0517	 -2.5904	  0.0000
  4.7244	  2.2379	  0.0095	 -2.6176	  0.0000
  4.8487	  2.2379	 -0.1025	 -2.6190	  0.0000
  4.9731	  2.2379	 -0.0538	 -2.5526	  0.0000
  5.0974	  2.2379	 -0.0300	 -2.5386	  0.0000
  0.1243	  2.3622	  0.6260	 -2.1552	  0.0000
  0.2487	  2.3622	  0.6146	 -2.2240	  0.0000
  0.3730	  2.3622	  0.0146	 -2.5064	  0.0000
  0.4973	  2.3622	  0.0138	 -2.6758	  0.0000
  0.6216	  2.3622	 -0.0413	 -2.8780	  0.0000
  0.7460	  2.3622	 -0.2481	 -2.7397	  0.0000
  0.8703	  2.3622	 -0.3203	 -2.6910	  0.0000
  0.9946	  2.3622	 -0.3249	 -2.6606	  0.0000
  1.1189	  2.3622	 -0.2879	 -2.6665	  0.0000
  1.2433	  2.3622	 -0.1652	 -3.2604	  0.0000
  1.3676	  2.3622	 -0.0983	 -3.1635	  0.0000
  1.4919	  2.3622	 -0.2122	 -2.4820	  0.0000
  1.6162	  2.3622	 -0.2489	 -2.4802	  0.0000
  1.7406	  2.3622	 -0.1452	 -2.8269	  0.0000
  1.8649	  2.3622	 -0.0300	 -2.8929	  0.0000
  1.9892	  2.3622	 -0.1083	 -2.5983	  0.0000
  2.1136	  2.3622	 -0.0768	 -2.6323	  0.0000
  2.2379	  2.3622	 -0.0062	 -2.6147	  0.0000
  2.3622	  2.3622	  0.0198	 -2.7539	  1.0000
  2.4865	  2.3622	  0.0129	 -3.0376	  0.0000
  2.6109	  2.3622	 -0.0025	 -3.0108	  0.0000
  2.7352	  2.3622	 -0.0289	 -2.5380	  1.0000
  2.8595	  2.3622	  0.2838	 -2.1958	  0.0000
  2.9838	  2.3622	  0.1848	 -2.2768	  0.0000
  3.1082	  2.3622	  0.1960	 -2.3943	  0.0000
  3.2325	  2.3622	  0.0511	 -2.5281	  0.0000
  3.3568	  2.3622	 -0.0722	 -2.6169	  0.0000
  3.4811	  2.3622	 -0.0875	 -2.6210	  0.0000
  3.6055	  2.3622	 -0.3170	 -2.6696	  0.0000
  3.7298	  2.3622	 -0.3085	 -2.5642	  0.0000
  3.8541	  2.3622	 -0.3015	 -2.6050	  0.0000
  3.9785	  2.3622	 -0.3746	 -2.6959	  0.0000
  4.1028	  2.3622	 -0.3745	 -2.6546	  0.0000
  4.2271	  2.3622	 -0.3151	 -2.5461	  0.0000
  4.3514	  2.3622	 -0.2545	 -2.6013	  0.0000
  4.4758	  2.3622	 -0.1788	 -2.7243	  0.0000
  4.6001	  2.3622	 -0.2390	 -2.7477	  0.0000
  4.7244	  2.3622	 -0.2187	 -2.7425	  0.0000
  4.8487	  2.3622	 -0.2037	 -2.7753	  0.0000
  4.9731	  2.3622	 -0.1769	 -2.3098	  0.0000
  5.0974	  2.3622	 -0.0940	 -2.2830	  0.0000
  0.1243	  2.4865	  0.6732	 -2.2536	  0.0000
  0.2487	  2.4865	  0.2885	 -2.3596	  0.0000
  0.3730	  2.4865	  0.0028	 -2.5816	  0.0000
  0.4973	  2.4865	 -0.1077	 -2.6225	  0.0000
  0.6216	  2.4865	  0.0369	 -2.7940	  0.0000
  0.7460	  2.4865	 -0.1400	 -2.9125	  0.0000
  0.8703	  2.4865	 -0.4116	 -2.7991	  0.0000
  0.9946	  2.4865	 -0.1144	 -2.7739	  1.0000
  1.1189	  2.4865	 -0.0597	 -2.7806	  1.0000
  1.2433	  2.4865	 -0.3967	 -2.9987	  0.0000
  1.3676	  2.4865	  0.0570	 -2.6735	  1.0000
  1.4919	  2.4865	  0.0929	 -2.3033	  0.0000
  1.6162	  2.4865	  0.1187	 -2.2763	  0.0000
  1.7406	  2.4865	  0.2096	 -2.7072	  0.0000
  1.8649	  2.4865	  0.3053	 -2.9096	  0.0000
  1.9892	  2.4865	  0.0648	 -2.7080	  1.0000
  2.1136	  2.4865	  0.0477	 -2.6605	  0.0000
  2.2379	  2.4865	  0.0204	 -2.5447	  0.0000
  2.3622	  2.4865	  0.3198	 -2.5326	  0.0000
  2.4865	  2.4865	  0.0841	 -2.8338	  0.0000
  2.6109	  2.4865	 -0.0216	 -2.8354	  0.0000
  2.7352	  2.4865	  0.1139	 -2.2468	  0.0000
  2.8595	  2.4865	  0.1511	 -2.1953	  0.0000
  2.9838	  2.4865	  0.1356	 -2.1929	  0.0000
  3.1082	  2.4865	 -0.0919	 -2.3951	  1.0000
  3.2325	  2.4865	  0.1270	 -2.5814	  0.0000
  3.3568	  2.4865	  0.0309	 -2.6125	  0.0000
  3.4811	  2.4865	  0.0448	 -2.6481	  0.0000
  3.6055	  2.4865	  0.0017	 -2.6609	  0.0000
  3.7298	  2.4865	 -0.1293	 -2.5601	  0.0000
  3.8541	  2.4865	 -0.1608	 -2.5443	  0.0000
  3.9785	  2.4865	 -0.1741	 -2.5312	  0.0000
  4.1028	  2.4865	 -0.1190	 -2.5881	  0.0000
  4.2271	  2.4865	 -0.2072	 -2.5967	  0.0000
  4.3514	  2.4865	 -0.1653	 -2.6589	  0.0000
  4.4758	  2.4865	 -0.1797	 -2.8049	  0.0000
  4.6001	  2.4865	 -0.0934	 -2.7385	  0.0000
  4.7244	  2.4865	 -0.0734	 -2.7214	  0.0000
  4.8487	  2.4865	 -0.0501	 -2.7892	  0.0000
  4.9731	  2.4865	 -0.0185	 -2.1280	  0.0000
  5.0974	  2.4865	 -0.0369	 -2.2193	  0.0000
  0.1243	  2.6109	  0.6742	 -2.6794	  0.0000
  0.2487	  2.6109	  0.5380	 -2.6436	  0.0000
  0.3730	  2.6109	  0.0504	 -2.7546	  0.0000
  0.4973	  2.6109	 -0.1420	 -2.7076	  0.0000
  0.6216	  2.6109	 -0.1383	 -2.8638	  0.0000
  0.7460	  2.6109	 -0.1861	 -2.9641	  0.0000
  0.8703	  2.6109	 -0.4075	 -2.9340	  0.0000
  0.9946	  2.6109	 -0.2065	 -2.6865	  0.0000
  1.1189	  2.6109	 -0.0971	 -2.5943	  0.0000
  1.2433	  2.6109	  0.0977	 -2.6659	  0.0000
  1.3676	  2.6109	  0.2555	 -2.6734	  0.0000
  1.4919	  2.6109	  0.3803	 -2.2194	  0.0000
  1.6162	  2.6109	  0.4179	 -2.3048	  0.0000
  1.7406	  2.6109	  0.3930	 -2.6226	  0.0000
  1.8649	  2.6109	  0.3906	 -2.7929	  0.0000
  1.9892	  2.6109	  0.4130	 -2.9854	  0.0000
  2.1136	  2.6109	  0.1211	 -2.5951	  0.0000
  2.2379	  2.6109	  0.0431	 -2.4971	  0.0000
  2.3622	  2.6109	  0.0851	 -2.5929	  0.0000
  2.4865	  2.6109	 -0.0674	 -2.6451	  0.0000
  2.6109	  2.6109	 -0.0846	 -2.6001	  0.0000
  2.7352	  2.6109	 -0.2040	 -2.1185	  0.0000
  2.8595	  2.6109	 -0.2678	 -2.0600	  0.0000
  2.9838	  2.6109	 -0.3231	 -2.0817	  0.0000
  3.1082	  2.6109	 -0.3698	 -2.3161	  0.0000
  3.2325	  2.6109	 -0.2941	 -2.4500	  0.0000
  3.3568	  2.6109	 -0.0026	 -2.6579	  0.0000
  3.4811	  2.6109	  0.0297	 -2.7217	  0.0000
  3.6055	  2.6109	 -0.1104	 -2.7215	  0.0000
  3.7298	  2.6109	 -0.1840	 -2.6024	  1.0000
  3.8541	  2.6109	 -0.1109	 -2.5407	  0.0000
  3.9785	  2.6109	 -0.0201	 -2.5137	  0.0000
  4.1028	  2.6109	  0.0185	 -2.5926	  0.0000
  4.2271	  2.6109	 -0.0883	 -2.6447	  0.0000
  4.3514	  2.6109	 -0.0814	 -2.6756	  0.0000
  4.4758	  2.6109	 -0.0451	 -2.6717	  0.0000
  4.6001	  2.6109	  0.0272	 -2.6025	  0.0000
  4.7244	  2.6109	  0.0006	 -2.7116	  0.0000
  4.8487	  2.6109	 -0.0634	 -2.7803	  0.0000
  4.9731	  2.6109	  0.0002	 -2.3493	  0.0000
  5.0974	  2.6109	 -0.2619	 -2.5391	  0.0000
  0.1243	  2.7352	  0.5649	 -2.7739	  0.0000
  0.2487	  2.7352	  0.6185	 -2.7850	  0.0000
  0.3730	  2.7352	  0.5738	 -2.8145	  0.0000
  0.4973	  2.7352	  0.1663	 -2.9764	  0.0000
  0.6216	  2.7352	  0.1202	 -2.7533	  0.0000
  0.7460	  2.7352	  0.2106	 -2.8419	  0.0000
  0.8703	  2.7352	  0.2213	 -2.8312	  0.0000
  0.9946	  2.7352	  0.5029	 -2.5010	  0.0000
  1.1189	  2.7352	  0.5618	 -2.4779	  0.0000
  1.2433	  2.7352	  0.6118	 -2.5345	  0.0000
  1.3676	  2.7352	  0.6328	 -2.5425	  0.0000
  1.4919	  2.7352	  0.5642	 -2.3767	  0.0000
  1.6162	  2.7352	  0.3535	 -2.3943	  0.0000
  1.7406	  2.7352	  0.0978	 -2.6359	  0.0000
  1.8649	  2.7352	  0.0909	 -2.6771	  0.0000
  1.9892	  2.7352	  0.1038	 -2.6786	  0.0000
  2.1136	  2.7352	  0.0433	 -2.6626	  1.0000
  2.2379	  2.7352	  0.1239	 -2.7569	  0.0000
  2.3622	  2.7352	 -0.1453	 -2.8118	  0.0000
  2.4865	  2.7352	 -0.1608	 -2.6336	  0.0000
  2.6109	  2.7352	 -0.2771	 -2.4883	  0.0000
  2.7352	  2.7352	 -0.4770	 -2.3535	  0.0000
  2.8595	  2.7352	 -0.2766	 -2.3210	  0.0000
  2.9838	  2.7352	 -0.3922	 -2.3822	  0.0000
  3.1082	  2.7352	 -0.3613	 -2.3768	  0.0000
  3.2325	  2.7352	 -0.2943	 -2.2667	  0.0000
  3.3568	  2.7352	 -0.1533	 -2.5479	  1.0000
  3.4811	  2.7352	 -0.1494	 -2.5686	  1.0000
  3.6055	  2.7352	 -0.4271	 -2.7118	  0.0000
  3.7298	  2.7352	 -0.4778	 -2.6035	  0.0000
  3.8541	  2.7352	 -0.3119	 -2.7006	  0.0000
  3.9785	  2.7352	 -0.1887	 -2.6474	  0.0000
  4.1028	  2.7352	 -0.1332	 -2.5790	  1.0000
  4.2271	  2.7352	 -0.0290	 -2.6067	  0.0000
  4.3514	  2.7352	  0.0029	 -2.5775	  0.0000
  4.4758	  2.7352	  0.0530	 -2.5362	  0.0000
  4.6001	  2.7352	  0.0787	 -2.5247	  0.0000
  4.7244	  2.7352	  0.0126	 -2.5971	  0.0000
  4.8487	  2.7352	 -0.0805	 -2.5941	  0.0000
  4.9731	  2.7352	 -0.0712	 -2.4304	  0.0000
  5.0974	  2.7352	 -0.1736	 -2.5458	  0.0000
  0.1243	  2.8595	  0.5065	 -2.7171	  0.0000
  0.2487	  2.8595	  0.4858	 -2.6774	  0.0000
  0.3730	  2.8595	  0.3506	 -2.6973	  0.0000
  0.4973	  2.8595	  0.3167	 -2.8184	  0.0000
  0.6216	  2.8595	  0.4005	 -2.8014	  0.0000
  0.7460	  2.8595	  0.4477	 -2.6893	  0.0000
  0.8703	  2.8595	  0.3932	 -2.5017	  0.0000
  0.9946	  2.8595	  0.3307	 -2.3085	  0.0000
  1.1189	  2.8595	  0.2243	 -2.4713	  0.0000
  1.2433	  2.8595	  0.4325	 -2.3196	  0.0000
  1.3676	  2.8595	  0.2336	 -2.3969	  0.0000
  1.4919	  2.8595	  0.4314	 -2.4746	  0.0000
  1.6162	  2.8595	  0.3315	 -2.4033	  0.0000
  1.7406	  2.8595	  0.0599	 -2.5439	  0.0000
  1.8649	  2.8595	  0.0020	 -2.6316	  0.0000
  1.9892	  2.8595	 -0.0549	 -2.6263	  0.0000
  2.1136	  2.8595	 -0.2131	 -2.5571	  0.0000
  2.2379	  2.8595	 -0.2324	 -2.6551	  0.0000
  2.3622	  2.8595	 -0.1655	 -2.7277	  0.0000
  2.4865	  2.8595	 -0.2761	 -2.6249	  0.0000
  2.6109	  2.8595	 -0.3524	 -2.5143	  0.0000
  2.7352	  2.8595	 -0.3133	 -2.4749	  0.0000
  2.8595	  2.8595	 -0.1819	 -2.4098	  0.0000
  2.9838	  2.8595	 -0.1799	 -2.3990	  0.0000
  3.1082	  2.8595	 -0.2014	 -2.4215	  0.0000
  3.2325	  2.8595	 -0.2203	 -2.3675	  0.0000
  3.3568	  2.8595	 -0.2495	 -2.6098	  0.0000
  3.4811	  2.8595	 -0.2137	 -2.6600	  0.0000
  3.6055	  2.8595	 -0.1152	 -2.5569	  0.0000
  3.7298	  2.8595	 -0.2129	 -2.3544	  0.0000
  3.8541	  2.8595	 -0.1402	 -2.4925	  0.0000
  3.9785	  2.8595	 -0.1613	 -2.5642	  0.0000
  4.1028	  2.8595	 -0.3183	 -2.6306	  0.0000
  4.2271	  2.8595	 -0.2168	 -2.6154	  0.0000
  4.3514	  2.8595	 -0.0859	 -2.4944	  0.0000
  4.4758	  2.8595	 -0.0447	 -2.5163	  0.0000
  4.6001	  2.8595	 -0.0802	 -2.5121	  0.0000
  4.7244	  2.8595	 -0.1092	 -2.5265	  0.0000
  4.8487	  2.8595	 -0.0217	 -2.5044	  0.0000
  4.9731	  2.8595	 -0.0042	 -2.4886	  0.0000
  5.0974	  2.8595	 -0.0667	 -2.5442	  0.0000
  0.1243	  2.9838	  0.5449	 -2.7280	  1.0000
  0.2487	  2.9838	  0.5991	 -2.7569	  0.0000
  0.3730	  2.9838	  0.3772	 -2.7467	  0.0000
  0.4973	  2.9838	  0.2778	 -2.6705	  0.0000
  0.6216	  2.9838	  0.3685	 -2.6773	  0.0000
  0.7460	  2.9838	  0.2846	 -2.6249	  0.0000
  0.8703	  2.9838	  0.2069	 -2.6095	  0.0000
  0.9946	  2.9838	  0.4362	 -2.2525	  0.0000
  1.1189	  2.9838	  0.1330	 -2.5047	  0.0000
  1.2433	  2.9838	  0.0310	 -2.4378	  0.0000
  1.3676	  2.9838	  0.1112	 -2.3941	  0.0000
  1.4919	  2.9838	  0.2784	 -2.4877	  0.0000
  1.6162	  2.9838	  0.2562	 -2.5982	  0.0000
  1.7406	  2.9838	  0.1994	 -2.6110	  0.0000
  1.8649	  2.9838	  0.0837	 -2.7945	  0.0000
  1.9892	  2.9838	  0.0180	 -2.9162	  0.0000
  2.1136	  2.9838	 -0.2395	 -2.5003	  0.0000
  2.2379	  2.9838	 -0.1182	 -2.3259	  0.0000
  2.3622	  2.9838	 -0.0243	 -2.4254	  0.0000
  2.4865	  2.9838	 -0.1926	 -2.6941	  0.0000
  2.6109	  2.9838	 -0.2491	 -2.5999	  0.0000
  2.7352	  2.9838	 -0.2370	 -2.5506	  0.0000
  2.8595	  2.9838	 -0.1714	 -2.5389	  0.0000
  2.9838	  2.9838	 -0.1340	 -2.4807	  0.0000
  3.1082	  2.9838	 -0.2229	 -2.5874	  0.0000
  3.2325	  2.9838	 -0.2192	 -2.5625	  0.0000
  3.3568	  2.9838	 -0.1341	 -2.5229	  0.0000
  3.4811	  2.9838	 -0.1334	 -2.5721	  0.0000
  3.6055	  2.9838	 -0.1038	 -2.5985	  0.0000
  3.7298	  2.9838	 -0.1455	 -2.4941	  0.0000
  3.8541	  2.9838	 -0.2132	 -2.4858	  0.0000
  3.9785	  2.9838	 -0.1618	 -2.6061	  0.0000
  4.1028	  2.9838	 -0.1453	 -2.5967	  0.0000
  4.2271	  2.9838	 -0.0619	 -2.5135	  0.0000
  4.3514	  2.9838	 -0.0573	 -2.4791	  0.0000
  4.4758	  2.9838	 -0.1139	 -2.5104	  0.0000
  4.6001	  2.9838	 -0.1751	 -2.4433	  0.0000
  4.7244	  2.9838	 -0.1024	 -2.4159	  0.0000
  4.8487	  2.9838	 -0.0342	 -2.4348	  0.0000
  4.9731	  2.9838	  0.0047	 -2.4503	  0.0000
  5.0974	  2.9838	 -0.0092	 -2.5658	  0.0000
  0.1243	  3.1082	  0.7062	 -2.5314	  0.0000
  0.2487	  3.1082	  0.8448	 -2.6084	  0.0000
  0.3730	  3.1082	  0.3674	 -2.7173	  0.0000
  0.4973	  3.1082	  0.4166	 -2.6831	  0.0000
  0.6216	  3.1082	  0.2803	 -2.7379	  0.0000
  0.7460	  3.1082	  0.0898	 -2.6655	  0.0000
  0.8703	  3.1082	  0.1004	 -2.5585	  0.0000
  0.9946	  3.1082	  0.2624	 -2.5252	  1.0000
  1.1189	  3.1082	  0.1990	 -2.4493	  0.0000
  1.2433	  3.1082	  0.0339	 -2.5069	  0.0000
  1.3676	  3.1082	 -0.0173	 -2.5150	  0.0000
  1.4919	  3.1082	  0.0268	 -2.4163	  0.0000
  1.6162	  3.1082	  0.0617	 -2.3733	  0.0000
  1.7406	  3.1082	  0.2044	 -2.2990	  0.0000
  1.8649	  3.1082	  0.0568	 -2.3136	  0.0000
  1.9892	  3.1082	  0.0827	 -2.5789	  0.0000
  2.1136	  3.1082	  0.1264	 -2.5662	  0.0000
  2.2379	  3.1082	  0.0899	 -2.3342	  0.0000
  2.3622	  3.1082	  0.0521	 -2.4654	  0.0000
  2.4865	  3.1082	  0.0260	 -2.7794	  0.0000
  2.6109	  3.1082	 -0.1975	 -2.6493	  0.0000
  2.7352	  3.1082	 -0.0986	 -2.5882	  0.0000
  2.8595	  3.1082	 -0.0065	 -2.6435	  0.0000
  2.9838	  3.1082	 -0.1125	 -2.4976	  1.0000
  3.1082	  3.1082	 -0.0899	 -2.5206	  0.0000
  3.2325	  3.1082	 -0.1692	 -2.5132	  0.0000
  3.3568	  3.1082	 -0.1599	 -2.4181	  0.0000
  3.4811	  3.1082	 -0.2192	 -2.4618	  0.0000
  3.6055	  3.1082	 -0.2352	 -2.6367	  0.0000
  3.7298	  3.1082	 -0.1939	 -2.7439	  0.0000
  3.8541	  3.1082	 -0.1989	 -2.6449	  0.0000
  3.9785	  3.1082	 -0.1831	 -2.5987	  0.0000
  4.1028	  3.1082	 -0.1404	 -2.5607	  0.0000
  4.2271	  3.1082	 -0.1339	 -2.5370	  0.0000
  4.3514	  3.1082	 -0.1305	 -2.5350	  0.0000
  4.4758	  3.1082	 -0.1192	 -2.5326	  0.0000
  4.6001	  3.1082	  0.0086	 -2.3707	  0.0000
  4.7244	  3.1082	  0.0949	 -2.3440	  0.0000
  4.8487	  3.1082	  0.1080	 -2.3714	  0.0000
  4.9731	  3.1082	  0.0565	 -2.3374	  0.0000
  5.0974	  3.1082	 -0.0567	 -2.5279	  0.0000
  0.1243	  3.2325	  0.8284	 -2.5250	  0.0000
  0.2487	  3.2325	  0.4356	 -2.9092	  0.0000
  0.3730	  3.2325	  0.3693	 -2.9314	  0.0000
  0.4973	  3.2325	  0.4096	 -2.6659	  0.0000
  0.6216	  3.2325	  0.5178	 -2.5270	  0.0000
  0.7460	  3.2325	  0.6943	 -2.4614	  0.0000
  0.8703	  3.2325	  0.5863	 -2.5981	  0.0000
  0.9946	  3.2325	  0.3672	 -2.5562	  0.0000
  1.1189	  3.2325	  0.0593	 -2.5302	  0.0000
  1.2433	  3.2325	 -0.0559	 -2.6042	  0.0000
  1.3676	  3.2325	 -0.0515	 -2.5830	  0.0000
  1.4919	  3.2325	  0.0028	 -2.4366	  0.0000
  1.6162	  3.2325	  0.0547	 -2.4560	  0.0000
  1.7406	  3.2325	  0.0343	 -2.3711	  0.0000
  1.8649	  3.2325	 -0.0078	 -2.3519	  0.0000
  1.9892	  3.2325	  0.0401	 -2.5015	  0.0000
  2.1136	  3.2325	  0.0370	 -2.4729	  0.0000
  2.2379	  3.2325	 -0.0412	 -2.1139	  0.0000
  2.3622	  3.2325	  0.0305	 -2.2090	  0.0000
  2.4865	  3.2325	  0.0088	 -2.4519	  1.0000
  2.6109	  3.2325	  0.1415	 -2.4636	  0.0000
  2.7352	  3.2325	  0.2106	 -2.4764	  0.0000
  2.8595	  3.2325	  0.1266	 -2.5705	  0.0000
  2.9838	  3.2325	  0.0404	 -2.6117	  0.0000
  3.1082	  3.2325	 -0.1109	 -2.3923	  0.0000
  3.2325	  3.2325	 -0.2158	 -2.4002	  0.0000
  3.3568	  3.2325	 -0.1720	 -2.4520	  0.0000
  3.4811	  3.2325	 -0.1893	 -2.4583	  0.0000
  3.6055	  3.2325	 -0.2986	 -2.6777	  0.0000
  3.7298	  3.2325	 -0.2543	 -2.7586	  0.0000
  3.8541	  3.2325	 -0.3381	 -2.6713	  0.0000
  3.9785	  3.2325	 -0.3726	 -2.5978	  0.0000
  4.1028	  3.2325	 -0.3213	 -2.5558	  0.0000
  4.2271	  3.2325	 -0.3511	 -2.5989	  0.0000
  4.3514	  3.2325	 -0.2584	 -2.4655	  0.0000
  4.4758	  3.2325	 -0.0876	 -2.3391	  0.0000
  4.6001	  3.2325	  0.0293	 -2.3386	  0.0000
  4.7244	  3.2325	  0.1768	 -2.4272	  0.0000
  4.8487	  3.2325	  0.2201	 -2.4947	  0.0000
  4.9731	  3.2325	  0.3061	 -2.5117	  0.0000
  5.0974	  3.2325	  0.2534	 -2.4960	  0.0000
  0.1243	  3.3568	  0.7869	 -2.6283	  0.0000
  0.2487	  3.3568	  0.3750	 -2.8950	  0.0000
  0.3730	  3.3568	  0.3526	 -2.9383	  0.0000
  0.4973	  3.3568	  0.2743	 -2.6163	  0.0000
  0.6216	  3.3568	  0.2436	 -2.4907	  0.0000
  0.7460	  3.3568	  0.4304	 -2.4032	  0.0000
  0.8703	  3.3568	  0.4997	 -2.6320	  0.0000
  0.9946	  3.3568	  0.3047	 -2.6565	  0.0000
  1.1189	  3.3568	  0.1153	 -2.6549	  0.0000
  1.2433	  3.3568	 -0.0460	 -2.6080	  0.0000
  1.3676	  3.3568	 -0.1033	 -2.6025	  0.0000
  1.4919	  3.3568	 -0.0057	 -2.5029	  0.0000
  1.6162	  3.3568	 -0.0249	 -2.4856	  0.0000
  1.7406	  3.3568	  0.0666	 -2.3174	  0.0000
  1.8649	  3.3568	  0.0953	 -2.2787	  0.0000
  1.9892	  3.3568	  0.0308	 -2.3390	  0.0000
  2.1136	  3.3568	  0.2178	 -2.4179	  0.0000
  2.2379	  3.3568	  0.1083	 -2.3272	  0.0000
  2.3622	  3.3568	  0.0061	 -2.4254	  0.0000
  2.4865	  3.3568	 -0.1314	 -2.4967	  0.0000
  2.6109	  3.3568	  0.1165	 -2.3857	  0.0000
  2.7352	  3.3568	  0.1758	 -2.4569	  0.0000
  2.8595	  3.3568	  0.1124	 -2.4642	  0.0000
  2.9838	  3.3568	  0.0137	 -2.5067	  0.0000
  3.1082	  3.3568	 -0.2779	 -2.4992	  0.0000
  3.2325	  3.3568	 -0.3282	 -2.5056	  0.0000
  3.3568	  3.3568	 -0.1906	 -2.4719	  0.0000
  3.4811	  3.3568	 -0.1738	 -2.5524	  0.0000
  3.6055	  3.3568	 -0.2348	 -2.6822	  0.0000
  3.7298	  3.3568	 -0.1777	 -2.6240	  0.0000
  3.8541	  3.3568	 -0.1480	 -2.6312	  0.0000
  3.9785	  3.3568	 -0.1464	 -2.7087	  0.0000
  4.1028	  3.3568	 -0.2108	 -2.7413	  0.0000
  4.2271	  3.3568	 -0.2271	 -2.6120	  0.0000
  4.3514	  3.3568	 -0.1217	 -2.5527	  0.0000
  4.4758	  3.3568	 -0.0756	 -2.5234	  0.0000
  4.6001	  3.3568	 -0.0126	 -2.4893	  0.0000
  4.7244	  3.3568	  0.1279	 -2.5865	  0.0000
  4.8487	  3.3568	  0.1674	 -2.6472	  0.0000
  4.9731	  3.3568	  0.3791	 -2.6134	  0.0000
  5.0974	  3.3568	  0.3852	 -2.6296	  0.0000
  0.1243	  3.4811	  0.5368	 -2.7444	  0.0000
  0.2487	  3.4811	  0.4251	 -2.9672	  0.0000
  0.3730	  3.4811	  0.3820	 -2.8875	  0.0000
  0.4973	  3.4811	  0.1230	 -2.5865	  0.0000
  0.6216	  3.4811	 -0.0337	 -2.4038	  0.0000
  0.7460	  3.4811	  0.1190	 -1.9184	  1.0000
  0.8703	  3.4811	  0.4538	 -2.8050	  0.0000
  0.9946	  3.4811	  0.2075	 -3.0204	  0.0000
  1.1189	  3.4811	  0.0996	 -2.6083	  0.0000
  1.2433	  3.4811	  0.0221	 -2.5141	  0.0000
  1.3676	  3.4811	  0.0203	 -2.7607	  0.0000
  1.4919	  3.4811	 -0.0064	 -2.6266	  0.0000
  1.6162	  3.4811	 -0.0319	 -2.4618	  0.0000
  1.7406	  3.4811	 -0.0095	 -2.3356	  0.0000
  1.8649	  3.4811	  0.0839	 -2.1597	  0.0000
  1.9892	  3.4811	  0.2473	 -2.2982	  0.0000
  2.1136	  3.4811	  0.3538	 -2.4300	  0.0000
  2.2379	  3.4811	  0.3145	 -2.4584	  0.0000
  2.3622	  3.4811	  0.2549	 -2.4252	  0.0000
  2.4865	  3.4811	 -0.0614	 -2.3578	  0.0000
  2.6109	  3.4811	 -0.0026	 -2.3481	  0.0000
  2.7352	  3.4811	  0.0386	 -2.4891	  0.0000
  2.8595	  3.4811	 -0.0218	 -2.5449	  0.0000
  2.9838	  3.4811	 -0.1637	 -2.4048	  0.0000
  3.1082	  3.4811	 -0.2250	 -2.4629	  0.0000
  3.2325	  3.4811	 -0.2799	 -2.5499	  0.0000
  3.3568	  3.4811	 -0.1561	 -2.5000	  0.0000
  3.4811	  3.4811	 -0.1534	 -2.5353	  0.0000
  3.6055	  3.4811	 -0.2549	 -2.6698	  0.0000
  3.7298	  3.4811	 -0.2229	 -2.6144	  0.0000
  3.8541	  3.4811	 -0.1289	 -2.5670	  0.0000
  3.9785	  3.4811	 -0.1708	 -2.7507	  0.0000
  4.1028	  3.4811	 -0.2046	 -2.8054	  0.0000
  4.2271	  3.4811	 -0.0916	 -2.7285	  0.0000
  4.3514	  3.4811	 -0.0494	 -2.7145	  0.0000
  4.4758	  3.4811	 -0.0865	 -2.7249	  0.0000
  4.6001	  3.4811	 -0.0515	 -2.6640	  0.0000
  4.7244	  3.4811	  0.0456	 -2.6784	  0.0000
  4.8487	  3.4811	  0.1440	 -2.6874	  0.0000
  4.9731	  3.4811	  0.2934	 -2.7959	  0.0000
  5.0974	  3.4811	  0.3818	 -2.7553	  0.0000
  0.1243	  3.6055	  0.4417	 -2.6344	  0.0000
  0.2487	  3.6055	  0.2415	 -2.9841	  0.0000
  0.3730	  3.6055	  0.2224	 -2.8272	  0.0000
  0.4973	  3.6055	 -0.0342	 -2.5728	  0.0000
  0.6216	  3.6055	 -0.1468	 -2.2615	  0.0000
  0.7460	  3.6055	 -0.1646	 -2.2327	  0.0000
  0.8703	  3.6055	 -2.5655	  9.9895	  0.0000
  0.9946	  3.6055	  0.0930	 -2.9482	  0.0000
  1.1189	  3.6055	  0.1693	 -2.7375	  0.0000
  1.2433	  3.6055	  0.1188	 -2.5117	  0.0000
  1.3676	  3.6055	  0.0900	 -2.7622	  0.0000
  1.4919	  3.6055	  0.0588	 -2.6912	  0.0000
  1.6162	  3.6055	  0.0536	 -2.5226	  0.0000
  1.7406	  3.6055	  0.0039	 -2.4016	  0.0000
  1.8649	  3.6055	  0.0393	 -2.2253	  0.0000
  1.9892	  3.6055	  0.0268	 -2.1161	  0.0000
  2.1136	  3.6055	  0.2303	 -2.4338	  0.0000
  2.2379	  3.6055	  0.3276	 -2.5259	  0.0000
  2.3622	  3.6055	  0.3347	 -2.5321	  0.0000
  2.4865	  3.6055	  0.0012	 -2.3601	  0.0000
  2.6109	  3.6055	 -0.0531	 -2.3546	  0.0000
  2.7352	  3.6055	 -0.1079	 -2.5318	  0.0000
  2.8595	  3.6055	 -0.1905	 -2.6421	  0.0000
  2.9838	  3.6055	 -0.1927	 -2.5298	  0.0000
  3.1082	  3.6055	 -0.1694	 -2.5285	  0.0000
  3.2325	  3.6055	 -0.1406	 -2.6107	  0.0000
  3.3568	  3.6055	 -0.1017	 -2.6342	  0.0000
  3.4811	  3.6055	 -0.1259	 -2.6335	  0.0000
  3.6055	  3.6055	 -0.2419	 -2.7052	  0.0000
  3.7298	  3.6055	 -0.1694	 -2.6618	  0.0000
  3.8541	  3.6055	 -0.1176	 -2.6645	  0.0000
  3.9785	  3.6055	 -0.1027	 -2.8261	  0.0000
  4.1028	  3.6055	 -0.1237	 -2.7933	  0.0000
  4.2271	  3.6055	 -0.1005	 -2.7354	  0.0000
  4.3514	  3.6055	 -0.0292	 -2.7195	  0.0000
  4.4758	  3.6055	 -0.0539	 -2.7022	  0.0000
  4.6001	  3.6055	 -0.0806	 -2.6972	  0.0000
  4.7244	  3.6055	 -0.0108	 -2.7192	  0.0000
  4.8487	  3.6055	  0.0556	 -2.6433	  0.0000
  4.9731	  3.6055	  0.0646	 -2.6367	  0.0000
  5.0974	  3.6055	  0.0689	 -2.6849	  0.0000
